**** Selection Sort ****
1
1
1
1
2
2
2
2
2
3
3
3
3
3
3
4
4
4
4
5
5
5
5
5
5
6
6
6
6
6
6
7
7
7
7
7
7
8
8
8
8
8
9
9
9
9
9
9
9
10
10
10
10
10
10
11
11
14
17
19
20
23
24
26
28
30
33
38
40
42
42
44
44
47
49
52
52
53
55
56
59
60
63
67
71
72
74
76
78
80
82
84
84
89
91
92
94
94
98
100
Total Swaps: 99
Total Comparisons: 254
**** Insertion Sort ****
1
1
1
1
2
2
2
2
2
3
3
3
3
3
3
4
4
4
4
5
5
5
5
5
5
6
6
6
6
6
6
7
7
7
7
7
7
8
8
8
8
8
9
9
9
9
9
9
9
10
10
10
10
10
10
11
11
14
17
19
20
23
24
26
28
30
33
38
40
42
42
44
44
47
49
52
52
53
55
56
59
60
63
67
71
72
74
76
78
80
82
84
84
89
91
92
94
94
98
100
Total Swaps: 2527
Total Comparisons: 2428
**** Heap Sort ****
1
1
1
1
2
2
2
2
2
3
3
3
3
3
3
4
4
4
4
5
5
5
5
5
5
6
6
6
6
6
6
7
7
7
7
7
7
8
8
8
8
8
9
9
9
9
9
9
9
10
10
10
10
10
10
11
11
14
17
19
20
23
24
26
28
30
33
38
40
42
42
44
44
47
49
52
52
53
55
56
59
60
63
67
71
72
74
76
78
80
82
84
84
89
91
92
94
94
98
100
Total Swaps: 100
Total Comparisons: 1053
**** Merge Sort ****
1
1
1
1
2
2
2
2
2
3
3
3
3
3
3
4
4
4
4
5
5
5
5
5
5
6
6
6
6
6
6
7
7
7
7
7
7
8
8
8
8
8
9
9
9
9
9
9
9
10
10
10
10
10
10
11
11
14
17
19
20
23
24
26
28
30
33
38
40
42
42
44
44
47
49
52
52
53
55
56
59
60
63
67
71
72
74
76
78
80
82
84
84
89
91
92
94
94
98
100
Total Swaps: 0
Total Comparisons: 471
**** Quick Sort ****
1
1
1
1
2
2
2
2
2
3
3
3
3
3
3
4
4
4
4
5
5
5
5
5
5
6
6
6
6
6
6
7
7
7
7
7
7
8
8
8
8
8
9
9
9
9
9
9
9
10
10
10
10
10
10
11
11
14
17
19
20
23
24
26
28
30
33
38
40
42
42
44
44
47
49
52
52
53
55
56
59
60
63
67
71
72
74
76
78
80
82
84
84
89
91
92
94
94
98
100
Total Swaps: 1622
Total Comparisons: 1622
