100
100
99
100
99
100
99
100
95
100
92
100
91
100
91
100
86
100
84
100
84
100
80
99
79
99
79
99
78
99
77
99
76
99
76
98
75
98
72
98
71
98
71
98
70
98
69
98
69
98
69
97
65
97
64
97
63
97
62
97
62
97
59
97
56
97
55
97
55
97
54
96
52
96
52
96
51
96
50
96
50
96
49
96
45
96
44
96
43
96
43
95
43
95
43
95
43
95
43
95
39
95
39
95
39
95
39
95
38
94
38
94
38
94
38
94
38
94
35
94
33
94
31
94
26
94
25
94
24
94
23
93
23
93
21
93
19
93
19
93
18
93
17
93
17
93
16
93
15
93
11
92
11
92
11
92
11
92
10
92
10
91
8
91
8
91
8
91
8
91
8
91
6
91
5
91
1
91
1
91
82
91
91
90
52
90
41
90
48
90
25
90
94
89
94
89
93
89
47
89
89
89
89
88
88
88
88
88
88
88
88
87
87
87
87
87
87
87
87
87
87
87
87
87
86
86
86
86
86
86
86
86
86
86
86
85
85
85
85
85
85
85
85
85
85
85
85
85
85
85
84
84
84
84
84
84
84
84
84
84
84
83
83
83
83
83
83
83
83
83
82
82
82
82
82
82
82
82
82
82
82
81
81
81
81
81
81
81
81
81
80
80
80
80
80
80
80
80
80
79
79
79
79
79
79
79
79
79
79
79
79
79
78
78
78
78
78
78
78
78
78
78
78
77
77
77
77
77
77
77
77
77
76
76
76
76
76
76
76
76
76
76
76
75
75
75
75
75
75
75
75
75
74
74
74
74
74
74
74
74
74
74
74
73
73
73
73
73
73
73
73
73
73
72
72
72
72
72
72
72
72
72
71
71
71
71
71
71
70
70
70
70
70
70
70
70
70
69
69
69
69
69
69
69
69
69
69
69
68
68
68
68
68
68
68
68
68
68
67
67
67
66
66
66
66
66
65
65
65
65
65
65
65
65
64
64
64
64
64
64
64
64
64
64
64
63
63
63
63
63
63
63
63
63
63
63
63
63
62
62
62
62
62
62
62
61
61
61
61
61
61
61
61
61
61
60
60
60
60
60
59
59
59
59
59
59
58
58
58
58
58
58
57
57
57
57
57
56
56
56
56
56
56
56
56
56
56
55
55
55
55
55
55
54
54
54
53
53
53
53
53
53
53
53
53
53
53
53
52
52
52
52
52
52
51
51
51
51
51
51
51
51
51
51
50
50
50
50
50
50
50
50
50
50
50
50
49
49
49
49
49
49
49
48
48
48
48
48
48
48
48
48
48
48
48
47
47
47
47
47
47
47
46
46
46
46
46
46
46
46
46
46
46
46
46
45
45
45
45
45
45
45
45
45
45
44
44
44
44
44
44
44
44
44
44
43
43
43
43
43
43
43
43
43
42
42
42
42
42
42
42
42
42
41
41
41
41
41
41
41
41
41
41
41
41
40
40
40
40
40
40
40
39
39
39
39
38
38
38
38
38
38
38
37
37
37
37
37
37
37
37
37
37
37
37
37
37
37
37
37
36
36
36
36
36
35
35
35
35
35
35
34
34
34
34
34
34
34
34
34
34
34
33
33
33
33
33
33
33
32
32
32
32
32
32
32
32
32
32
32
32
32
31
31
31
31
31
31
31
31
31
31
31
30
30
30
30
30
30
30
29
29
29
29
29
29
29
29
28
28
28
28
28
28
28
27
27
27
27
27
27
27
26
26
26
26
26
26
26
26
26
26
26
26
26
25
25
25
25
25
25
25
24
24
24
24
24
24
24
24
24
24
24
23
23
23
23
23
22
22
22
22
22
22
22
22
21
21
21
21
21
21
21
21
21
21
21
20
20
20
19
19
19
19
19
19
19
18
18
18
18
18
18
18
18
18
18
18
17
17
17
17
17
17
17
17
16
16
16
16
16
16
16
16
16
16
16
16
16
16
15
15
15
15
15
15
15
15
15
15
15
14
14
14
14
14
14
14
14
13
13
13
13
13
13
13
13
13
13
13
13
13
13
13
13
13
12
12
12
12
12
12
12
12
11
11
11
11
10
10
10
10
10
10
10
9
9
9
9
9
9
9
9
9
9
9
9
9
9
9
9
9
9
8
8
8
8
8
8
8
8
8
8
7
7
7
7
7
7
7
7
6
6
6
6
6
6
6
6
5
5
5
5
5
5
5
5
5
5
5
4
4
4
4
4
4
4
4
4
4
4
4
3
3
3
3
3
3
3
3
3
2
2
2
2
2
2
1
1
1
86
89
83
1
78
89
19
82
17
66
4
34
50
12
28
24
12
53
83
93
21
76
75
80
51
42
68
62
89
47
3
26
35
85
26
64
73
45
45
89
62
1
22
63
64
1
86
75
53
20
68
25
96
94
57
46
35
76
7
76
22
61
1
9
46
79
72
18
75
17
59
36
69
32
99
32
33
36
6
37
56
73
14
3
19
70
48
53
97
6
28
19
66
81
27
11
11
98
81
85
